best_solution:
[[0.00000e+00, 4.27279e-01, 9.00000e-01, 2.50000e+01, 0.00000e+00],
 [4.31955e-01, 0.00000e+00, 9.00000e-01, 2.50000e+01, 9.11499e+01],
 [6.15714e-01, 5.80294e-01, 1.00000e-01, 2.50000e+01, 1.23275e+02],
 [2.75215e-01, 5.49018e-01, 1.00000e-01, 2.50000e+01, 2.15319e+01],
 [8.79212e-01, 3.73636e-01, 1.00000e-01, 2.50000e+01, 1.80000e+02],
 [7.32903e-01, 0.00000e+00, 9.00000e-01, 2.50000e+01, 1.80000e+02],
 [4.32638e-01, 2.38177e-01, 9.00000e-01, 2.50000e+01, 1.80000e+02],
 [7.02019e-01, 2.06421e-01, 9.00000e-01, 2.50000e+01, 1.80000e+02],
 [4.27211e-01, 2.97499e-01, 9.00000e-01, 2.50000e+01, 0.00000e+00],
 [4.75828e-01, 5.39520e-01, 1.00000e-01, 2.50000e+01, 1.35095e+02]]
best_score:
6.162773132324219
